411	545
411	838
411	144
411	319
411	221
411	821
888	872
888	545
888	515
888	144
888	450
888	424
888	162
888	670
888	476
584	450
584	122
584	670
584	476
791	851
791	128
791	164
791	144
791	287
791	328
791	238
791	767
791	933
791	600
212	933
212	545
154	660
154	545
154	933
746	545
746	81
746	838
746	144
746	964
746	476
746	933
87	851
87	128
87	164
87	144
87	287
87	328
87	238
87	767
87	933
87	600
153	838
153	144
153	98
153	328
716	851
716	128
716	164
716	144
716	287
716	328
716	238
716	767
716	933
716	600
980	70
980	16
980	181
867	383
867	681
867	868
867	360
867	110
867	545
867	52
867	983
867	610
867	806
867	961
867	467
867	367
867	915
867	144
867	933
867	838
867	499
867	363
867	454
867	870
867	907
929	851
929	128
929	164
929	144
929	287
929	328
929	238
929	767
929	933
929	600
668	933
668	751
668	776
355	144
355	450
355	476
355	507
355	135
632	545
632	52
632	983
632	144
632	838
632	867
632	868
632	600
632	933
632	914
632	907
273	369
273	545
273	81
273	838
273	144
273	603
273	476
273	933
221	508
221	450
221	319
221	933
221	751
337	177
337	738
337	627
337	545
337	350
337	543
337	630
337	847
337	53
337	488
337	852
337	372
337	861
337	3
4	472
4	124
4	807
4	677
4	310
4	73
4	766
4	843
4	59
4	50
4	763
4	709
4	780
4	894
4	168
4	486
4	594
4	512
4	877
4	834
4	720
4	770
4	554
4	928
4	147
4	837
373	993
373	921
426	372
527	545
527	838
527	144
527	319
527	221
527	821
766	472
766	124
766	807
766	677
766	310
766	73
766	766
766	955
766	843
766	466
766	50
766	386
766	763
766	780
766	709
766	59
766	306
766	486
766	168
766	594
766	512
766	834
766	720
766	770
766	928
766	147
766	213
766	837
582	740
582	862
582	626
582	391
582	604
582	259
582	880
582	640
869	872
869	424
869	670
869	476
544	851
544	128
544	164
544	144
544	287
544	328
544	238
544	767
544	933
544	600
104	380
104	545
835	280
835	273
835	545
835	81
835	351
835	804
835	747
835	341
835	144
835	398
835	801
835	624
835	34
835	669
835	476
835	38
835	933
835	573
835	838
835	836
835	172
835	672
835	964
150	472
150	124
150	807
150	677
150	310
150	73
150	766
150	955
150	843
150	466
150	50
150	386
150	763
150	780
150	709
150	59
150	306
150	486
150	168
150	594
150	512
150	834
150	720
150	770
150	928
150	147
150	213
150	837
237	720
237	807
237	677
237	145
237	763
23	545
23	838
23	144
23	600
23	933
408	769
408	790
408	622
408	504
408	522
408	188
408	169
408	957
408	727
408	954
408	864
408	601
408	637
408	675
408	322
408	114
408	840
408	267
408	768
408	2
408	667
317	351
317	144
356	472
356	124
356	807
356	677
356	310
356	73
356	766
356	843
356	466
356	59
356	763
356	571
356	780
356	50
356	168
356	486
356	594
356	512
356	877
356	834
356	720
356	803
356	770
356	554
356	928
356	147
356	213
356	837
298	273
298	476
298	840
754	545
754	838
754	144
754	719
754	476
754	933
913	933
913	545
913	476
913	860
691	740
691	862
691	58
691	626
691	391
691	604
691	157
691	259
691	704
691	640
452	97
452	398
452	280
452	476
452	172
452	669
575	545
575	838
575	144
575	476
575	351
575	933
367	838
367	144
367	545
367	867
367	933
938	545
938	838
938	144
938	476
938	351
938	933
855	494
245	476
740	740
740	862
740	58
740	626
740	391
740	604
740	157
740	259
740	704
740	640
144	545
144	175
144	838
144	319
144	600
144	933
37	545
37	838
37	144
37	600
37	933
265	545
265	838
265	144
265	498
265	933
265	160
222	894
222	720
222	807
222	843
222	73
222	955
222	766
222	279
323	78
323	859
764	545
764	838
764	144
764	319
764	221
764	821
471	838
471	144
471	933
471	379
506	851
506	128
506	164
506	144
506	287
506	328
506	238
506	767
506	933
506	600
208	600
511	545
511	838
511	144
511	933
103	545
103	81
103	838
103	144
103	319
103	476
103	933
464	769
464	790
464	622
464	504
464	522
464	188
464	169
464	957
464	727
464	954
464	864
464	601
464	637
464	675
464	322
464	114
464	840
464	267
464	768
464	2
464	667
561	545
561	508
561	144
561	175
561	933
384	660
384	545
384	933
504	769
504	790
504	622
504	976
504	504
504	522
504	188
504	169
504	957
504	954
504	601
504	637
504	675
504	322
504	114
504	840
504	267
504	768
504	2
504	667
420	545
420	838
420	144
420	719
420	624
420	34
420	933
647	660
647	545
647	933
391	604
391	157
391	740
391	626
391	862
391	640
444	740
444	862
444	58
444	626
444	391
444	604
444	157
444	259
444	704
444	640
346	646
872	670
872	545
872	348
872	476
406	144
185	720
185	557
185	145
185	213
185	766
185	362
289	838
289	144
289	624
289	545
289	933
943	851
943	128
943	164
943	144
943	287
943	328
943	238
943	767
943	933
943	600
952	545
952	838
952	144
952	319
952	476
952	933
576	545
576	838
576	144
576	122
576	933
693	545
693	97
693	838
693	144
693	933
693	707
992	472
992	124
992	807
992	677
992	843
992	73
992	466
992	50
992	571
992	780
992	763
992	894
992	709
992	486
992	594
992	106
992	512
992	834
992	803
992	770
992	760
247	43
47	545
47	838
47	144
47	600
47	933
982	545
982	838
982	144
982	319
982	221
982	821
36	545
36	266
786	851
786	128
786	164
786	144
786	287
786	328
786	238
786	767
786	933
786	600
213	472
213	677
213	213
213	766
213	955
213	709
213	306
213	720
213	864
213	760
213	837
213	362
315	545
315	732
147	472
147	124
147	807
147	677
147	310
147	73
147	766
147	843
147	466
147	59
147	50
147	763
147	709
147	168
147	486
147	594
147	106
147	512
147	834
147	720
147	770
147	875
147	798
147	928
147	837
209	545
209	81
209	838
209	144
209	600
209	476
209	964
209	933
280	369
280	545
280	838
280	144
280	476
280	933
385	670
385	372
640	604
640	157
640	259
640	740
640	626
640	391
394	872
394	545
394	515
394	144
394	450
394	424
394	162
394	670
394	476
998	190
844	402
138	851
138	128
138	164
138	144
138	287
138	328
138	238
138	767
138	933
138	600
328	600
328	838
328	144
328	933
328	545
322	769
322	790
322	622
322	976
322	504
322	522
322	188
322	169
322	957
322	954
322	601
322	637
322	675
322	114
322	267
322	768
322	2
322	667
876	555
876	180
513	302
513	545
513	52
513	44
565	545
565	838
565	144
565	476
565	351
565	933
556	545
556	838
556	144
556	600
556	933
282	545
282	81
282	838
282	144
282	351
282	600
282	476
282	964
282	933
662	545
662	838
662	144
662	933
372	385
372	871
372	426
372	852
11	851
11	128
11	164
11	144
11	287
11	328
11	238
11	767
11	933
11	600
689	851
689	128
689	164
689	144
689	287
689	328
689	238
689	767
689	933
689	600
624	722
624	545
624	579
624	838
624	144
624	729
624	302
624	420
624	230
624	933
731	280
731	273
731	545
731	81
731	351
731	804
731	747
731	341
731	144
731	398
731	801
731	624
731	34
731	669
731	476
731	38
731	933
731	573
731	838
731	836
731	172
731	672
731	964
543	789
543	53
199	282
199	991
199	917
199	90
199	600
199	653
863	851
863	128
863	164
863	144
863	287
863	328
863	238
863	767
863	933
863	600
725	12
725	780
178	769
178	790
178	622
178	504
178	522
178	188
178	169
178	957
178	727
178	954
178	864
178	601
178	637
178	675
178	322
178	114
178	840
178	267
178	768
178	2
178	667
84	472
84	124
84	807
84	677
84	310
84	73
84	843
84	466
84	59
84	50
84	763
84	780
84	571
84	709
84	894
84	168
84	486
84	594
84	877
84	834
84	720
84	770
84	554
84	928
84	147
84	837
878	872
878	424
878	670
878	476
170	838
170	144
170	98
170	328
865	378
865	40
865	241
932	851
932	128
932	164
932	144
932	287
932	328
932	238
932	767
932	933
932	600
110	545
110	838
110	144
110	867
110	933
743	545
743	266
427	872
427	545
427	515
427	144
427	450
427	424
427	162
427	670
427	476
562	280
562	273
562	545
562	81
562	351
562	804
562	747
562	341
562	144
562	398
562	801
562	624
562	34
562	669
562	476
562	38
562	933
562	573
562	838
562	836
562	172
562	672
562	964
930	769
930	790
930	622
930	504
930	522
930	188
930	169
930	957
930	727
930	954
930	864
930	601
930	637
930	675
930	322
930	114
930	840
930	267
930	768
930	2
930	667
248	851
248	128
248	164
248	144
248	287
248	328
248	238
248	767
248	933
248	600
672	369
672	545
672	838
672	144
672	933
921	740
921	180
921	518
921	488
921	3
921	555
921	876
705	851
705	128
705	164
705	144
705	287
705	328
705	238
705	767
705	933
705	600
198	78
198	859
761	144
761	933
761	545
761	319
712	29
68	280
68	273
68	545
68	81
68	351
68	804
68	747
68	341
68	144
68	398
68	801
68	624
68	34
68	669
68	476
68	38
68	933
68	573
68	838
68	836
68	172
68	672
68	964
73	472
73	124
73	807
73	677
73	310
73	766
73	843
73	466
73	59
73	50
73	763
73	709
73	780
73	306
73	486
73	168
73	594
73	512
73	877
73	834
73	720
73	803
73	770
73	928
73	147
73	837
73	557
34	369
34	545
34	86
34	81
34	838
34	144
34	867
34	420
34	719
34	672
34	624
34	933
34	889
120	433
120	921
120	876
526	543
526	337
526	847
526	738
526	53
526	921
814	894
814	720
814	807
814	843
814	73
814	955
814	766
814	279
819	144
819	545
819	838
819	933
750	545
750	838
750	144
750	933
795	769
795	790
795	622
795	504
795	522
795	188
795	169
795	957
795	727
795	954
795	864
795	601
795	637
795	675
795	322
795	114
795	840
795	267
795	768
795	2
795	667
13	660
13	545
13	933
419	838
419	144
419	933
419	545
839	851
839	128
839	164
839	144
839	287
839	328
839	238
839	767
839	933
839	600
934	472
934	124
934	807
934	677
934	310
934	73
934	766
934	843
934	466
934	59
934	50
934	780
934	709
934	894
934	168
934	486
934	594
934	106
934	512
934	877
934	834
934	720
934	803
934	770
934	928
934	147
934	837
239	851
239	128
239	164
239	144
239	287
239	328
239	238
239	767
239	933
239	600
964	476
964	81
694	472
694	124
694	807
694	843
694	766
694	50
694	780
694	894
694	486
694	594
694	106
694	512
694	877
694	760
718	851
718	128
718	164
718	144
718	287
718	328
718	238
718	767
718	933
718	600
773	801
773	870
773	14
773	90
773	600
773	917
773	753
773	653
581	378
581	40
581	241
862	604
862	157
862	740
862	391
960	369
960	545
960	838
960	144
960	933
792	380
792	545
547	801
547	870
547	14
547	90
547	600
547	917
547	753
547	653
229	545
340	543
340	350
340	337
340	847
340	738
340	53
57	545
57	838
57	144
57	933
908	302
908	545
908	52
908	44
823	628
823	40
823	141
823	787
935	720
935	472
935	486
935	928
935	124
935	650
935	362
388	851
388	128
388	164
388	144
388	287
388	328
388	238
388	767
388	933
388	600
794	122
794	933
794	21
379	176
379	838
379	144
379	450
379	962
379	520
379	471
379	933
971	986
971	875
971	840
971	392
42	838
42	144
42	545
42	933
926	851
926	128
926	164
926	144
926	287
926	328
926	238
926	767
926	933
926	600
461	545
461	175
461	838
461	319
461	600
461	933
249	545
249	838
249	144
249	476
249	933
413	545
413	838
413	144
413	349
413	319
413	221
413	79
413	844
413	933
409	28
910	543
910	337
910	847
910	738
910	53
910	921
496	144
496	476
892	851
892	128
892	164
892	144
892	287
892	328
892	238
892	767
892	933
892	600
81	369
81	476
81	964
81	545
432	851
432	128
432	164
432	144
432	287
432	328
432	238
432	767
432	933
432	600
475	144
961	838
961	144
961	545
961	867
961	933
271	851
271	128
271	164
271	144
271	287
271	328
271	238
271	767
271	933
271	600
900	380
900	545
602	545
602	232
602	838
602	144
602	420
602	933
639	851
639	128
639	164
639	144
639	287
639	328
639	238
639	767
639	933
639	600
101	894
101	720
101	807
101	843
101	73
101	955
101	766
101	279
236	976
236	233
236	740
772	489
772	511
772	883
74	476
380	580
380	545
380	896
380	294
850	604
850	157
850	259
850	740
850	626
850	391
132	144
434	122
434	319
434	776
434	933
434	751
434	944
529	851
529	128
529	164
529	144
529	287
529	328
529	238
529	767
529	933
529	600
614	20
614	89
614	158
614	732
708	851
708	128
708	164
708	144
708	287
708	328
708	238
708	767
708	933
708	600
810	157
810	259
810	740
810	626
810	391
810	640
500	986
500	198
500	976
500	798
35	838
35	681
35	144
35	600
35	156
35	933
173	976
296	956
296	949
296	546
296	494
296	251
296	953
190	998
190	402
966	956
966	949
966	546
966	494
966	251
966	953
597	720
597	306
597	557
597	955
597	650
597	837
342	144
890	600
117	801
117	870
117	14
117	90
117	600
117	917
117	753
117	653
836	369
287	545
968	600
609	472
609	124
609	807
609	677
609	310
609	73
609	766
609	843
609	59
609	50
609	763
609	709
609	780
609	894
609	168
609	486
609	594
609	512
609	877
609	834
609	720
609	770
609	554
609	928
609	147
609	837
440	603
440	28
637	769
637	790
637	622
637	976
637	504
637	522
637	188
637	169
637	957
637	986
637	954
637	601
637	675
637	322
637	114
637	267
637	768
637	2
637	667
383	838
383	144
383	545
383	867
383	933
314	545
314	838
314	144
314	319
314	221
314	821
105	838
105	144
105	624
105	545
105	933
811	472
811	124
811	807
811	677
811	310
811	73
811	766
811	955
811	843
811	466
811	50
811	386
811	763
811	780
811	709
811	59
811	306
811	486
811	168
811	594
811	512
811	834
811	720
811	770
811	928
811	147
811	213
811	837
598	851
598	128
598	164
598	144
598	287
598	328
598	238
598	767
598	933
598	600
111	472
111	677
111	213
111	766
111	955
111	709
111	306
111	720
111	864
111	760
111	837
111	362
583	838
583	144
583	545
583	933
813	144
659	801
659	870
659	14
659	90
659	600
659	917
659	753
659	653
71	838
71	144
71	624
71	545
71	933
881	851
881	128
881	164
881	144
881	287
881	328
881	238
881	767
881	933
881	600
503	545
503	838
503	144
503	600
503	933
149	396
149	232
149	144
149	815
149	476
149	492
502	986
502	198
502	976
502	798
205	851
205	128
205	164
205	144
205	287
205	328
205	238
205	767
205	933
205	600
211	851
211	128
211	164
211	144
211	287
211	328
211	238
211	767
211	933
211	600
72	347
72	729
72	122
72	319
72	719
72	387
72	42
72	616
72	889
72	144
72	867
72	624
72	221
72	238
72	600
72	34
72	476
72	933
72	369
72	838
72	732
72	420
72	672
436	851
436	128
436	164
436	144
436	287
436	328
436	238
436	767
436	933
436	600
349	79
349	402
623	144
623	933
623	545
623	319
486	472
486	124
486	807
486	677
486	310
486	73
486	766
486	843
486	466
486	50
486	763
486	780
486	709
486	894
486	168
486	594
486	512
486	877
486	834
486	720
486	770
486	928
486	147
486	837
486	59
800	600
800	545
45	545
45	838
45	144
45	319
45	221
45	821
531	144
63	489
63	511
63	883
291	280
291	273
291	545
291	81
291	351
291	804
291	747
291	341
291	144
291	398
291	801
291	624
291	34
291	669
291	476
291	38
291	933
291	573
291	838
291	836
291	172
291	672
291	964
488	337
488	15
488	518
488	546
488	931
488	3
488	251
488	53
488	921
40	545
40	838
40	144
40	933
446	545
446	838
446	144
446	476
446	933
77	545
77	838
77	144
77	476
77	933
425	851
425	128
425	164
425	144
425	287
425	328
425	238
425	767
425	933
425	600
297	851
297	128
297	164
297	144
297	287
297	328
297	238
297	767
297	933
297	600
27	545
27	838
27	144
27	319
27	221
27	821
79	545
79	671
79	838
79	144
79	349
79	933
79	402
405	896
2	769
2	790
2	622
2	976
2	504
2	522
2	188
2	169
2	957
2	954
2	601
2	637
2	675
2	322
2	114
2	267
2	768
2	667
653	801
653	870
653	14
653	90
653	600
653	917
653	753
653	653
825	851
825	128
825	164
825	144
825	287
825	328
825	238
825	767
825	933
825	600
353	720
353	557
353	145
353	213
353	766
353	362
214	472
214	124
214	807
214	677
214	310
214	73
214	766
214	843
214	466
214	59
214	763
214	780
214	709
214	168
214	486
214	594
214	512
214	877
214	834
214	720
214	770
214	871
214	928
214	147
214	837
490	472
490	124
490	807
490	677
490	310
490	73
490	843
490	976
490	466
490	50
490	763
490	780
490	709
490	59
490	168
490	486
490	594
490	106
490	512
490	834
490	720
490	770
490	928
490	147
490	837
897	801
897	870
897	14
897	90
897	600
897	917
897	753
897	653
698	369
698	545
698	669
698	838
698	144
698	476
698	933
683	917
683	110
683	52
683	348
683	610
683	135
683	478
683	341
683	962
683	754
683	600
683	209
683	454
683	693
683	90
683	103
683	653
59	472
59	124
59	807
59	677
59	310
59	73
59	843
59	466
59	50
59	763
59	709
59	168
59	486
59	594
59	512
59	834
59	720
59	770
59	928
59	147
59	837
82	102
266	545
266	266
272	545
272	266
663	740
663	180
663	518
663	488
663	3
663	555
663	876
536	144
536	450
536	476
536	507
536	135
158	20
158	89
158	614
22	144
234	479
734	543
332	801
332	870
332	14
332	90
332	600
332	917
332	753
332	653
654	545
654	838
654	144
654	319
654	221
654	821
244	545
244	319
244	933
244	751
244	600
339	545
604	157
604	259
604	740
604	626
604	391
604	640
977	894
977	720
977	807
977	843
977	73
977	955
977	766
977	279
620	851
620	128
620	164
620	144
620	287
620	328
620	238
620	767
620	933
620	600
201	144
521	545
521	81
521	838
521	144
521	964
521	476
521	933
983	456
983	545
983	347
983	838
983	681
983	144
983	867
983	868
983	933
673	851
673	128
673	164
673	144
673	287
673	328
673	238
673	767
673	933
673	600
484	838
484	681
484	144
484	600
484	156
484	933
827	380
827	545
439	801
439	870
439	14
439	90
439	600
439	917
439	753
439	653
69	144
856	476
856	895
856	424
395	518
326	122
326	319
326	776
326	933
326	751
326	944
292	801
292	870
292	14
292	90
292	600
292	917
292	753
292	653
407	956
338	545
338	81
338	838
338	144
338	172
338	476
338	933
457	545
457	838
457	144
457	600
457	933
403	543
403	337
403	847
403	738
403	53
403	921
553	801
553	870
553	14
553	90
553	600
553	917
553	753
553	653
206	472
206	124
206	807
206	677
206	310
206	73
206	766
206	843
206	466
206	59
206	50
206	763
206	780
206	709
206	168
206	486
206	594
206	512
206	877
206	834
206	720
206	770
206	928
206	147
206	837
76	712
261	545
261	838
261	144
261	933
453	545
453	838
453	144
453	476
453	933
809	545
809	838
809	144
809	476
809	933
175	600
818	545
818	670
818	354
818	319
818	933
993	841
873	851
873	128
873	164
873	144
873	287
873	328
873	238
873	767
873	933
873	600
19	720
19	306
19	557
19	955
19	650
19	837
776	933
776	751
776	776
381	851
381	128
381	164
381	144
381	287
381	328
381	238
381	767
381	933
381	600
828	302
828	545
828	52
828	44
354	545
354	660
354	327
354	354
354	319
354	751
377	545
377	838
377	144
377	476
377	933
974	758
974	545
974	838
974	144
974	476
974	933
648	273
648	476
648	840
533	144
227	980
227	16
227	181
970	740
970	58
970	144
970	614
307	472
307	124
307	807
307	677
307	310
307	73
307	843
307	466
307	213
307	59
307	763
307	571
307	780
307	50
307	168
307	486
307	594
307	512
307	877
307	834
307	720
307	803
307	770
307	554
307	928
307	147
307	837
95	851
95	128
95	164
95	144
95	287
95	328
95	238
95	767
95	933
95	600
607	213
915	867
915	224
958	851
958	128
958	164
958	144
958	287
958	328
958	238
958	767
958	933
958	600
343	144
343	545
343	838
343	933
491	280
491	273
491	545
491	81
491	351
491	804
491	747
491	341
491	144
491	398
491	801
491	624
491	34
491	669
491	476
491	38
491	933
491	573
491	838
491	836
491	172
491	672
491	964
812	851
812	128
812	164
812	144
812	287
812	328
812	238
812	767
812	933
812	600
512	472
512	124
512	807
512	677
512	310
512	73
512	843
512	466
512	59
512	50
512	763
512	780
512	571
512	709
512	894
512	168
512	486
512	594
512	877
512	834
512	720
512	770
512	554
512	928
512	147
512	837
311	224
311	144
311	915
311	838
311	933
348	872
348	545
348	838
348	144
348	476
348	933
793	894
793	720
793	807
793	843
793	73
793	955
793	766
793	279
134	670
134	545
134	476
134	872
613	917
613	110
613	52
613	348
613	610
613	135
613	478
613	341
613	962
613	754
613	600
613	209
613	454
613	693
613	90
613	103
613	653
90	282
90	991
90	917
90	90
90	600
90	653
38	545
38	369
38	81
38	838
38	144
38	351
38	476
38	933
168	472
168	124
168	807
168	677
168	310
168	73
168	843
168	466
168	59
168	50
168	763
168	780
168	709
168	168
168	486
168	594
168	512
168	877
168	834
168	720
168	770
168	928
168	147
168	837
176	838
176	144
176	933
176	379
535	545
535	81
535	838
535	144
535	964
535	476
535	933
638	545
638	732
779	851
779	128
779	164
779	144
779	287
779	328
779	238
779	767
779	933
779	600
184	872
184	424
184	670
184	476
94	545
94	838
94	144
94	122
94	933
148	144
148	545
181	255
181	700
181	70
181	980
181	16
909	280
909	273
909	545
909	81
909	351
909	804
909	747
909	341
909	144
909	398
909	801
909	624
909	34
909	669
909	476
909	38
909	933
909	573
909	838
909	836
909	172
909	672
909	964
924	351
924	144
664	606
329	986
329	875
329	840
329	392
274	851
274	128
274	164
274	144
274	287
274	328
274	238
274	767
274	933
274	600
884	894
884	720
884	807
884	843
884	73
884	955
884	766
884	279
999	53
999	337
999	999
330	954
330	976
309	518
574	646
140	740
140	304
634	851
634	128
634	164
634	144
634	287
634	328
634	238
634	767
634	933
634	600
424	872
424	424
424	670
424	476
378	628
378	40
378	141
378	787
608	606
573	369
573	545
573	838
573	144
573	476
573	933
365	144
950	851
950	128
950	164
950	144
950	287
950	328
950	238
950	767
950	933
950	600
905	976
905	191
60	122
60	933
60	21
53	543
53	350
53	337
53	488
53	847
53	738
53	3
642	838
642	144
642	624
642	545
642	933
652	545
652	838
652	144
652	319
652	221
652	821
93	851
93	128
93	164
93	144
93	287
93	328
93	238
93	767
93	933
93	600
215	347
215	729
215	122
215	319
215	719
215	387
215	42
215	616
215	889
215	144
215	867
215	624
215	221
215	238
215	600
215	34
215	476
215	933
215	369
215	838
215	732
215	420
215	672
953	966
953	949
953	220
136	136
114	769
114	790
114	622
114	976
114	504
114	522
114	188
114	169
114	957
114	954
114	601
114	637
114	675
114	322
114	267
114	768
114	2
114	667
605	660
605	545
605	933
472	124
472	807
472	677
472	310
472	73
472	766
472	843
472	466
472	59
472	50
472	763
472	709
472	780
472	894
472	306
472	486
472	168
472	594
472	512
472	877
472	834
472	720
472	770
472	928
472	147
472	213
472	837
514	157
514	259
514	740
514	626
514	391
514	640
546	956
546	130
546	518
546	949
546	488
546	966
546	251
891	157
891	259
891	740
891	626
891	391
891	640
368	518
843	472
843	124
843	807
843	677
843	310
843	73
843	766
843	955
843	466
843	59
843	50
843	763
843	571
843	780
843	709
843	894
843	306
843	486
843	168
843	594
843	512
843	877
843	834
843	720
843	770
843	928
843	147
843	837
843	557
843	362
417	545
142	347
142	729
142	122
142	319
142	719
142	387
142	42
142	616
142	889
142	144
142	867
142	624
142	221
142	238
142	600
142	34
142	476
142	933
142	369
142	838
142	732
142	420
142	672
534	801
534	870
534	14
534	90
534	600
534	917
534	753
534	653
193	35
193	681
193	838
193	144
193	914
193	933
193	311
316	720
316	472
316	486
316	928
316	124
316	650
316	362
458	851
458	128
458	164
458	144
458	287
458	328
458	238
458	767
458	933
458	600
422	273
422	476
422	840
749	545
749	660
749	327
749	354
749	319
749	751
650	720
650	557
650	145
650	213
650	766
650	362
788	282
788	991
788	917
788	90
788	600
788	653
302	545
302	908
302	476
319	545
319	136
319	508
319	821
319	221
319	751
319	944
360	838
360	144
360	545
360	867
360	933
631	604
631	157
631	259
631	740
631	626
631	391
777	545
777	266
509	456
509	545
509	885
509	983
509	838
509	144
509	867
509	868
509	933
713	545
713	838
713	144
713	600
713	933
290	35
290	681
290	838
290	144
290	914
290	933
290	311
995	606
370	347
370	729
370	122
370	319
370	719
370	387
370	42
370	616
370	889
370	144
370	867
370	624
370	221
370	238
370	600
370	34
370	476
370	933
370	369
370	838
370	732
370	420
370	672
299	838
299	144
299	933
299	545
895	545
895	81
895	838
895	144
895	856
895	989
895	933
678	740
678	862
678	58
678	626
678	391
678	604
678	157
678	259
678	704
678	640
994	894
994	720
994	807
994	843
994	73
994	955
994	766
994	279
875	986
875	20
875	840
875	798
834	472
834	124
834	807
834	677
834	310
834	73
834	766
834	843
834	466
834	59
834	50
834	763
834	780
834	709
834	168
834	486
834	594
834	106
834	512
834	877
834	720
834	803
834	770
834	928
834	147
834	837
267	769
267	790
267	622
267	976
267	504
267	522
267	188
267	169
267	957
267	954
267	601
267	637
267	675
267	322
267	114
267	768
267	2
267	667
537	190
911	545
911	515
911	81
911	838
911	144
911	476
911	933
517	280
517	273
517	545
517	81
517	351
517	804
517	747
517	341
517	144
517	398
517	801
517	624
517	34
517	669
517	476
517	38
517	933
517	573
517	838
517	836
517	172
517	672
517	964
706	851
706	128
706	164
706	144
706	287
706	328
706	238
706	767
706	933
706	600
375	872
375	545
375	515
375	144
375	450
375	424
375	162
375	670
375	476
641	273
641	476
641	840
760	12
760	780
769	790
769	622
769	976
769	504
769	522
769	188
769	169
769	957
769	954
769	601
769	637
769	675
769	322
769	114
769	267
769	768
769	2
769	667
885	545
885	347
885	838
885	144
885	933
655	838
655	144
655	933
655	545
931	251
931	488
257	450
257	772
558	545
558	838
558	144
558	476
558	351
558	933
31	545
31	838
31	144
31	319
31	221
31	821
88	144
845	933
962	838
962	144
962	933
962	379
358	851
358	128
358	164
358	144
358	287
358	328
358	238
358	767
358	933
358	600
904	144
97	545
97	81
97	838
97	144
97	933
55	508
55	476
55	933
976	769
976	790
976	622
976	504
976	522
976	188
976	169
976	957
976	727
976	954
976	864
976	601
976	637
976	675
976	322
976	114
976	840
976	267
976	768
976	2
976	667
986	875
986	976
986	766
986	637
986	2
986	798
986	386
732	545
732	732
460	472
460	677
460	213
460	766
460	955
460	709
460	306
460	720
460	864
460	760
460	837
460	362
898	606
933	545
933	508
933	144
933	175
933	933
456	545
456	52
456	983
456	144
456	838
456	867
456	868
456	600
456	933
456	914
456	907
393	604
393	157
393	259
393	740
393	626
393	391
548	545
548	266
430	908
169	769
169	790
169	622
169	976
169	504
169	522
169	188
169	957
169	954
169	601
169	637
169	675
169	322
169	114
169	267
169	768
169	2
169	667
284	769
284	790
284	622
284	504
284	522
284	188
284	169
284	957
284	727
284	954
284	864
284	601
284	637
284	675
284	322
284	114
284	840
284	267
284	768
284	2
284	667
829	933
829	545
829	476
829	860
948	472
948	124
948	807
948	677
948	310
948	73
948	766
948	843
948	466
948	50
948	763
948	571
948	780
948	709
948	168
948	486
948	106
948	512
948	877
948	834
948	720
948	803
948	770
948	928
948	147
948	837
948	59
762	144
347	456
347	545
347	885
347	983
347	838
347	144
347	867
347	868
347	933
253	851
253	128
253	164
253	144
253	287
253	328
253	238
253	767
253	933
253	600
969	144
590	801
590	870
590	14
590	90
590	600
590	917
590	753
590	653
376	124
376	807
376	677
376	310
376	73
376	766
376	843
376	466
376	59
376	50
376	763
376	709
376	780
376	894
376	306
376	486
376	168
376	594
376	512
376	877
376	834
376	720
376	770
376	928
376	147
376	213
376	837
723	769
723	790
723	622
723	976
723	504
723	522
723	188
723	957
723	954
723	601
723	637
723	675
723	322
723	114
723	267
723	768
723	2
723	667
137	545
137	81
137	838
137	144
137	133
137	476
137	933
145	469
400	986
400	875
400	840
400	392
775	518
879	917
879	110
879	52
879	348
879	610
879	135
879	478
879	341
879	962
879	754
879	600
879	209
879	454
879	693
879	90
879	103
879	653
925	122
925	319
925	776
925	933
925	751
925	944
480	280
480	273
480	545
480	81
480	351
480	804
480	747
480	341
480	144
480	398
480	801
480	624
480	34
480	669
480	476
480	38
480	933
480	573
480	838
480	836
480	172
480	672
480	964
155	545
155	660
155	327
155	354
155	319
155	751
886	740
886	58
886	144
886	614
789	543
396	496
396	545
396	133
396	838
396	144
396	476
396	933
893	851
893	128
893	164
893	144
893	287
893	328
893	238
893	767
893	933
893	600
288	545
288	838
288	144
288	933
714	472
714	124
714	807
714	677
714	310
714	73
714	766
714	843
714	466
714	50
714	763
714	780
714	709
714	894
714	168
714	594
714	512
714	877
714	834
714	720
714	770
714	928
714	147
714	837
714	59
223	677
223	766
223	955
223	780
223	554
223	928
223	650
223	557
223	362
741	144
741	545
165	600
165	144
165	476
165	776
165	545
578	396
578	232
578	144
578	815
578	476
578	492
880	545
880	796
880	740
955	720
955	807
955	677
955	145
955	763
501	545
501	838
501	144
501	319
501	221
501	821
633	144
592	35
592	681
592	838
592	144
592	914
592	933
592	311
815	232
815	133
815	476
815	492
774	851
774	128
774	164
774	144
774	287
774	328
774	238
774	767
774	933
774	600
463	472
463	124
463	807
463	677
463	310
463	73
463	766
463	843
463	466
463	59
463	50
463	763
463	780
463	709
463	168
463	486
463	594
463	106
463	512
463	877
463	720
463	803
463	770
463	928
463	147
463	837
80	351
80	144
156	35
156	681
156	838
156	144
156	914
156	933
156	311
341	369
341	545
341	838
341	144
341	476
341	933
335	801
335	870
335	14
335	90
335	600
335	917
335	753
335	653
538	122
538	319
538	776
538	933
538	751
538	944
416	894
416	720
416	807
416	843
416	73
416	955
416	766
416	279
859	78
669	369
669	545
669	81
669	838
669	144
669	476
669	933
941	545
941	670
941	354
941	319
941	933
269	851
269	128
269	164
269	144
269	287
269	328
269	238
269	767
269	933
269	600
498	265
842	894
842	720
842	807
842	843
842	73
842	955
842	766
842	279
540	380
540	545
489	450
489	772
128	851
128	545
128	164
128	838
128	144
128	238
128	767
128	933
128	328
128	600
577	472
577	124
577	807
577	310
577	73
577	843
577	466
577	213
577	59
577	50
577	763
577	709
577	780
577	894
577	486
577	168
577	594
577	512
577	877
577	834
577	720
577	770
577	554
577	928
577	147
577	837
262	545
262	81
262	838
262	144
262	964
262	476
262	933
922	555
922	29
922	921
52	456
52	545
52	908
52	838
52	144
52	867
52	933
204	722
204	545
204	579
204	838
204	144
204	729
204	302
204	420
204	230
204	933
997	472
997	124
997	807
997	677
997	310
997	73
997	766
997	843
997	976
997	50
997	763
997	780
997	709
997	59
997	168
997	486
997	594
997	106
997	512
997	466
997	834
997	720
997	770
997	928
997	147
997	837
587	476
304	740
304	140
474	280
474	273
474	545
474	81
474	351
474	804
474	747
474	341
474	144
474	398
474	801
474	624
474	34
474	669
474	476
474	38
474	933
474	573
474	838
474	836
474	172
474	672
474	964
685	433
685	518
832	518
481	894
481	720
481	807
481	843
481	73
481	955
481	766
481	279
704	685
704	518
704	921
285	545
285	660
285	327
285	354
285	319
285	751
141	606
920	545
920	838
920	144
920	476
920	933
610	838
610	144
610	545
610	867
610	933
445	144
596	670
596	545
596	348
596	476
783	545
783	266
493	851
493	128
493	164
493	144
493	287
493	328
493	238
493	767
493	933
493	600
785	144
785	450
785	476
785	507
785	135
676	838
676	144
676	933
676	545
162	508
162	476
162	933
188	769
188	790
188	622
188	976
188	504
188	522
188	169
188	957
188	954
188	601
188	637
188	675
188	322
188	114
188	267
188	768
188	2
188	667
682	280
682	273
682	545
682	81
682	351
682	804
682	747
682	341
682	144
682	398
682	801
682	624
682	34
682	669
682	476
682	38
682	933
682	573
682	838
682	836
682	172
682	672
682	964
133	396
133	232
133	144
133	815
133	476
133	492
410	851
410	128
410	164
410	144
410	287
410	328
410	238
410	767
410	933
410	600
447	838
447	545
447	933
447	144
9	851
9	128
9	164
9	144
9	287
9	328
9	238
9	767
9	933
9	600
944	545
944	319
944	751
687	545
687	671
687	838
687	144
687	349
687	933
687	402
218	144
252	545
252	81
252	838
252	144
252	856
252	989
252	933
228	545
228	838
228	144
228	600
228	933
709	472
709	124
709	807
709	677
709	310
709	73
709	766
709	843
709	466
709	59
709	763
709	571
709	780
709	50
709	168
709	486
709	594
709	512
709	877
709	834
709	720
709	803
709	770
709	554
709	928
709	147
709	213
709	837
258	472
258	124
258	807
258	677
258	310
258	73
258	766
258	843
258	466
258	50
258	763
258	780
258	709
258	894
258	168
258	594
258	512
258	877
258	834
258	720
258	770
258	928
258	147
258	837
258	59
216	12
216	780
956	546
956	407
956	966
956	697
715	545
715	81
715	838
715	144
715	933
715	964
719	545
719	838
719	144
719	991
719	754
719	476
719	933
46	851
46	128
46	164
46	144
46	287
46	328
46	238
46	767
46	933
46	600
333	472
333	124
333	807
333	677
333	310
333	73
333	843
333	466
333	59
333	50
333	763
333	709
333	168
333	486
333	594
333	106
333	512
333	834
333	720
333	770
333	875
333	798
333	928
333	837
3	251
3	423
3	921
3	488
611	851
611	128
611	164
611	144
611	287
611	328
611	238
611	767
611	933
611	600
418	851
418	128
418	164
418	144
418	287
418	328
418	238
418	767
418	933
418	600
987	280
987	273
987	545
987	81
987	351
987	804
987	747
987	341
987	144
987	398
987	801
987	624
987	34
987	669
987	476
987	38
987	933
987	573
987	838
987	836
987	172
987	672
987	964
465	144
465	545
465	838
465	933
803	807
803	512
803	877
803	834
306	472
306	124
306	720
306	557
306	843
306	73
306	837
306	709
707	545
707	81
707	838
707	144
707	476
707	933
768	769
768	790
768	622
768	976
768	504
768	522
768	188
768	169
768	957
768	954
768	601
768	637
768	675
768	322
768	114
768	267
768	2
768	667
83	801
83	870
83	14
83	90
83	600
83	917
83	753
83	653
497	144
849	280
849	273
849	545
849	81
849	351
849	804
849	747
849	341
849	144
849	398
849	801
849	624
849	34
849	669
849	476
849	38
849	933
849	573
849	838
849	836
849	172
849	672
849	964
363	838
363	144
363	545
363	867
363	933
263	801
263	870
263	14
263	90
263	600
263	917
263	753
263	653
857	144
477	144
477	545
477	838
477	933
593	838
593	144
593	933
593	379
628	378
628	40
626	604
626	67
626	233
626	740
626	259
626	157
626	640
778	472
778	677
778	213
778	766
778	955
778	709
778	306
778	720
778	864
778	760
778	837
778	362
210	545
210	838
210	144
210	476
210	933
954	769
954	790
954	622
954	976
954	504
954	522
954	330
954	188
954	169
954	957
954	601
954	637
954	675
954	322
954	114
954	840
954	267
954	768
954	2
954	667
507	545
507	81
507	838
507	144
507	351
507	933
507	964
107	720
107	807
107	677
107	145
107	763
523	144
96	472
96	124
96	807
96	843
96	766
96	50
96	780
96	894
96	486
96	594
96	106
96	512
96	877
96	760
389	302
389	545
389	52
389	44
116	801
116	870
116	14
116	90
116	600
116	917
116	753
116	653
621	472
621	124
621	807
621	677
621	310
621	73
621	766
621	843
621	466
621	59
621	50
621	763
621	780
621	709
621	168
621	486
621	594
621	106
621	512
621	877
621	720
621	803
621	770
621	928
621	147
621	837
166	545
166	945
679	144
231	851
231	128
231	164
231	144
231	287
231	328
231	238
231	767
231	933
231	600
975	545
975	660
975	327
975	354
975	319
975	751
851	545
851	128
851	164
851	838
851	144
851	238
851	767
851	933
851	328
851	600
688	282
688	991
688	917
688	90
688	600
688	653
325	280
325	273
325	545
325	81
325	351
325	804
325	747
325	341
325	144
325	398
325	801
325	624
325	34
325	669
325	476
325	38
325	933
325	573
325	838
325	836
325	172
325	672
325	964
984	472
984	124
984	807
984	843
984	766
984	50
984	780
984	894
984	486
984	594
984	106
984	512
984	877
984	760
973	851
973	128
973	164
973	144
973	287
973	328
973	238
973	767
973	933
973	600
702	472
702	124
702	807
702	677
702	310
702	73
702	766
702	843
702	466
702	59
702	50
702	780
702	709
702	894
702	168
702	486
702	594
702	106
702	512
702	877
702	834
702	720
702	803
702	770
702	928
702	147
702	837
196	545
196	838
196	144
196	476
196	933
882	580
882	545
882	896
882	294
106	894
106	147
106	877
106	310
106	780
191	905
225	472
225	124
225	807
225	677
225	310
225	73
225	843
225	466
225	213
225	59
225	763
225	571
225	780
225	50
225	168
225	486
225	594
225	512
225	877
225	834
225	720
225	803
225	770
225	554
225	928
225	147
225	837
847	543
847	350
847	337
847	738
847	53
889	545
889	899
889	838
889	144
889	34
889	933
889	26
965	469
907	838
907	144
907	545
907	867
907	933
14	545
14	81
14	838
14	144
14	933
14	964
300	472
300	124
300	807
300	677
300	310
300	73
300	766
300	843
300	466
300	59
300	50
300	763
300	780
300	709
300	306
300	486
300	168
300	594
300	106
300	512
300	877
300	834
300	720
300	770
300	554
300	928
300	147
479	130
479	234
344	378
344	40
344	241
752	347
752	729
752	122
752	319
752	719
752	387
752	42
752	616
752	889
752	144
752	867
752	624
752	221
752	238
752	600
752	34
752	476
752	933
752	369
752	838
752	732
752	420
752	672
243	545
243	838
243	144
243	122
243	933
771	604
771	740
695	545
695	175
695	838
695	319
695	600
695	933
978	600
560	677
560	766
560	955
560	780
560	554
560	928
560	650
560	557
560	362
115	872
115	424
115	670
115	476
972	369
972	545
972	838
972	144
972	476
972	933
820	122
820	933
820	21
233	864
233	740
412	144
412	450
412	476
412	507
412	135
230	838
230	144
230	624
230	545
230	933
680	545
680	838
680	144
680	351
680	933
238	387
238	545
238	838
238	144
238	600
238	933
748	851
748	128
748	164
748	144
748	287
748	328
748	238
748	767
748	933
748	600
351	38
903	469
62	851
62	128
62	164
62	144
62	287
62	328
62	238
62	767
62	933
62	600
817	894
817	720
817	807
817	843
817	73
817	955
817	766
817	279
157	740
157	862
157	626
157	391
157	604
157	259
157	880
157	640
717	801
717	870
717	14
717	90
717	600
717	917
717	753
717	653
738	543
738	350
738	337
738	847
738	53
758	545
758	838
758	144
758	476
758	933
595	472
595	124
595	807
595	677
595	310
595	73
595	766
595	843
595	466
595	50
595	763
595	571
595	780
595	709
595	168
595	486
595	106
595	512
595	877
595	834
595	720
595	803
595	770
595	928
595	147
595	837
595	59
49	450
49	122
49	670
49	476
443	543
443	350
443	337
443	847
443	738
443	53
784	838
784	144
784	933
784	545
566	545
566	838
566	144
566	600
566	933
894	486
894	807
894	106
894	677
894	770
894	843
894	877
894	466
894	837
894	763
894	780
572	545
572	838
572	144
572	351
572	933
310	472
310	124
310	807
310	677
310	310
310	73
310	766
310	843
310	976
310	50
310	763
310	780
310	709
310	59
310	168
310	486
310	594
310	106
310	512
310	466
310	834
310	720
310	770
310	928
310	147
310	837
17	851
17	128
17	164
17	144
17	287
17	328
17	238
17	767
17	933
17	600
151	220
118	545
118	838
118	144
118	476
118	933
54	769
54	790
54	622
54	504
54	522
54	188
54	169
54	957
54	727
54	954
54	864
54	601
54	637
54	675
54	322
54	114
54	840
54	267
54	768
54	2
54	667
739	851
739	545
739	164
739	838
739	144
739	238
739	767
739	933
739	328
739	600
183	801
183	870
183	14
183	90
183	600
183	917
183	753
183	653
724	801
724	870
724	14
724	90
724	600
724	917
724	753
724	653
646	251
646	346
207	516
207	476
963	122
963	933
963	21
386	766
630	488
630	53
630	350
630	337
275	144
369	280
369	273
369	545
369	81
369	351
369	804
369	747
369	341
369	144
369	398
369	801
369	624
369	34
369	669
369	476
369	38
369	933
369	573
369	838
369	836
369	172
369	672
369	964
126	986
126	875
126	840
126	392
681	351
681	144
468	769
468	790
468	622
468	504
468	522
468	188
468	169
468	957
468	727
468	954
468	864
468	601
468	637
468	675
468	322
468	114
468	840
468	267
468	768
468	2
468	667
18	369
18	545
18	838
18	144
18	933
651	380
651	545
194	801
194	870
194	14
194	90
194	600
194	917
194	753
194	653
281	545
281	838
281	144
281	600
281	933
868	456
868	545
868	838
868	144
868	867
868	933
495	433
495	518
124	472
124	807
124	677
124	310
124	73
124	843
124	466
124	213
124	59
124	50
124	763
124	780
124	571
124	709
124	306
124	486
124	168
124	594
124	512
124	877
124	834
124	720
124	770
124	928
124	147
124	837
124	557
448	545
448	232
448	815
448	280
448	133
448	476
770	472
770	124
770	807
770	677
770	310
770	73
770	766
770	843
770	466
770	59
770	50
770	763
770	780
770	709
770	894
770	168
770	486
770	594
770	106
770	512
770	877
770	834
770	720
770	803
770	928
770	147
770	837
643	433
643	518
767	851
767	545
767	128
767	164
767	838
767	144
767	238
767	600
767	933
767	328
860	144
860	450
860	476
860	507
860	135
656	933
656	751
656	776
404	545
404	838
404	144
404	681
404	600
404	933
404	44
108	545
108	838
108	144
108	476
108	933
220	251
220	953
220	949
220	151
5	472
5	124
5	807
5	677
5	310
5	73
5	766
5	843
5	466
5	59
5	50
5	763
5	780
5	709
5	168
5	486
5	594
5	106
5	512
5	877
5	720
5	803
5	770
5	928
5	147
5	837
364	986
364	875
364	840
364	392
710	933
710	133
710	545
710	476
179	872
179	424
179	670
179	476
414	769
414	790
414	622
414	976
414	504
414	522
414	188
414	169
414	957
414	954
414	601
414	637
414	675
414	322
414	267
414	768
414	2
414	667
991	545
991	838
991	144
991	719
991	476
991	933
692	801
692	870
692	14
692	90
692	600
692	917
692	753
692	653
901	440
901	28
901	409
901	901
901	3
736	986
736	875
736	840
736	392
10	986
10	875
10	840
10	392
799	508
799	476
799	933
756	378
756	40
756	241
451	580
451	545
451	896
451	294
250	545
250	81
250	838
250	144
250	964
250	476
250	933
927	545
927	838
927	144
927	933
927	889
129	433
129	921
129	876
690	122
690	933
690	21
78	78
78	859
78	999
635	801
635	870
635	14
635	90
635	600
635	917
635	753
635	653
171	545
171	266
50	472
50	124
50	807
50	677
50	310
50	73
50	766
50	843
50	466
50	59
50	763
50	780
50	709
50	168
50	486
50	594
50	512
50	877
50	834
50	720
50	770
50	871
50	928
50	147
50	837
914	456
29	712
51	670
51	545
51	476
51	872
830	917
830	110
830	52
830	348
830	610
830	135
830	478
830	341
830	962
830	754
830	600
830	209
830	454
830	693
830	90
830	103
830	653
906	851
906	128
906	164
906	144
906	287
906	328
906	238
906	767
906	933
906	600
666	801
666	870
666	14
666	90
666	600
666	917
666	753
666	653
30	369
30	545
30	669
30	838
30	144
30	476
30	933
918	801
918	870
918	14
918	90
918	600
918	917
918	753
918	653
279	894
279	720
279	807
279	843
279	73
279	955
279	766
279	279
143	872
143	424
143	670
143	476
6	545
6	838
6	144
6	319
6	221
6	821
421	545
421	670
421	354
421	319
421	933
996	144
744	144
780	472
780	124
780	807
780	843
780	766
780	50
780	780
780	894
780	486
780	594
780	106
780	512
780	877
780	760
665	472
665	124
665	807
665	677
665	310
665	73
665	766
665	843
665	466
665	50
665	763
665	571
665	780
665	709
665	168
665	486
665	106
665	512
665	877
665	834
665	720
665	803
665	770
665	928
665	147
665	837
665	59
733	378
733	40
733	241
519	545
519	515
519	81
519	838
519	144
519	476
519	933
401	144
1000	801
1000	870
1000	14
1000	90
1000	600
1000	917
1000	753
1000	653
241	545
241	838
241	144
241	600
241	933
390	280
390	273
390	545
390	81
390	351
390	804
390	747
390	341
390	144
390	398
390	801
390	624
390	34
390	669
390	476
390	38
390	933
390	573
390	838
390	836
390	172
390	672
390	964
525	488
525	53
525	350
525	337
989	838
989	144
989	545
989	933
255	181
255	700
670	670
670	545
670	476
670	872
202	838
202	144
202	933
260	976
260	73
260	554
26	545
26	838
26	144
26	933
26	889
747	369
747	545
747	838
747	144
747	476
747	933
131	980
131	16
131	181
559	801
559	870
559	14
559	90
559	600
559	917
559	753
559	653
470	545
470	838
470	144
470	600
470	933
44	545
44	908
44	455
798	986
798	875
798	840
798	392
539	472
539	124
539	807
539	677
539	310
539	73
539	766
539	955
539	843
539	466
539	50
539	386
539	763
539	780
539	709
539	59
539	306
539	486
539	168
539	594
539	512
539	834
539	720
539	770
539	928
539	147
539	213
539	837
617	993
617	921
805	851
805	128
805	164
805	144
805	287
805	328
805	238
805	767
805	933
805	600
203	224
203	144
203	915
203	838
203	933
824	986
824	198
824	976
824	798
89	20
89	614
89	158
492	545
492	232
492	815
492	280
492	133
492	476
28	440
28	28
28	409
28	901
402	545
402	838
402	144
402	349
402	319
402	221
402	79
402	844
402	933
675	769
675	790
675	622
675	976
675	504
675	522
675	188
675	169
675	957
675	954
675	601
675	637
675	322
675	114
675	267
675	768
675	2
675	667
12	221
12	760
187	545
187	732
606	40
606	141
928	472
928	124
928	807
928	677
928	310
928	73
928	766
928	843
928	466
928	59
928	50
928	763
928	709
928	168
928	486
928	594
928	512
928	834
928	720
928	770
928	147
928	837
928	557
896	380
896	545
21	933
816	769
816	790
816	622
816	976
816	504
816	522
816	188
816	169
816	957
816	954
816	601
816	637
816	675
816	322
816	114
816	840
816	267
816	768
816	2
816	667
555	433
555	921
555	876
674	801
674	870
674	14
674	90
674	600
674	917
674	753
674	653
295	894
295	720
295	807
295	843
295	73
295	955
295	766
295	279
251	545
251	646
251	518
251	949
251	488
251	220
251	931
251	546
251	966
251	3
846	851
846	128
846	164
846	144
846	287
846	328
846	238
846	767
846	933
846	600
466	472
466	124
466	807
466	677
466	310
466	73
466	766
466	843
466	59
466	50
466	763
466	709
466	780
466	894
466	168
466	486
466	594
466	512
466	877
466	834
466	720
466	770
466	554
466	928
466	147
466	837
182	604
182	67
182	233
182	740
182	259
182	157
182	640
98	144
98	293
64	851
64	128
64	164
64	144
64	287
64	328
64	238
64	767
64	933
64	600
219	545
219	838
219	144
219	933
899	545
899	838
899	144
899	933
899	889
159	144
226	144
189	280
189	273
189	545
189	81
189	351
189	804
189	747
189	341
189	144
189	398
189	801
189	624
189	34
189	669
189	476
189	38
189	933
189	573
189	838
189	836
189	172
189	672
189	964
235	508
235	476
235	933
826	433
826	518
312	545
312	232
312	815
312	280
312	133
312	476
48	472
48	124
48	807
48	677
48	310
48	73
48	766
48	843
48	466
48	59
48	50
48	780
48	709
48	894
48	168
48	486
48	594
48	106
48	512
48	877
48	834
48	720
48	803
48	770
48	928
48	147
48	837
505	545
499	838
499	144
499	545
499	867
499	933
70	980
70	16
70	181
781	851
781	128
781	164
781	144
781	287
781	328
781	238
781	767
781	933
781	600
283	545
283	838
283	144
283	319
283	476
283	933
833	472
833	677
833	213
833	766
833	955
833	709
833	306
833	720
833	864
833	760
833	837
833	362
450	600
450	144
450	476
450	776
450	545
240	545
135	545
135	232
135	838
135	144
135	420
135	933
939	720
939	472
939	486
939	928
939	124
939	650
939	362
438	440
438	28
438	409
438	901
701	472
701	124
701	807
701	677
701	310
701	843
701	466
701	59
701	50
701	763
701	709
701	780
701	306
701	486
701	168
701	594
701	512
701	877
701	834
701	720
701	803
701	770
701	928
701	147
701	837
701	557
130	479
382	980
382	16
382	181
256	545
256	838
256	144
256	933
313	720
313	557
313	145
313	213
313	766
313	362
305	993
305	921
636	302
636	545
636	52
636	44
979	472
979	124
979	807
979	677
979	310
979	73
979	766
979	843
979	466
979	50
979	763
979	571
979	780
979	709
979	168
979	486
979	106
979	512
979	877
979	834
979	720
979	803
979	770
979	928
979	147
979	837
979	59
564	472
564	124
564	807
564	677
564	310
564	73
564	766
564	955
564	843
564	466
564	50
564	386
564	763
564	780
564	709
564	59
564	306
564	486
564	168
564	594
564	512
564	834
564	720
564	770
564	928
564	147
564	213
564	837
331	545
331	670
331	354
331	319
331	933
520	424
520	962
726	720
726	472
726	486
726	928
726	124
726	650
726	362
336	545
336	508
336	144
336	175
336	933
619	851
619	128
619	164
619	144
619	287
619	328
619	238
619	767
619	933
619	600
67	604
67	157
67	259
67	740
67	626
67	640
861	337
861	177
861	53
742	273
742	476
742	840
542	545
542	52
542	983
542	144
542	838
542	867
542	868
542	600
542	933
542	914
542	907
65	871
65	660
601	769
601	790
601	622
601	976
601	504
601	522
601	188
601	169
601	957
601	954
601	637
601	675
601	322
601	114
601	267
601	768
601	2
601	667
569	545
796	462
796	880
796	157
796	740
92	144
242	545
242	838
242	144
242	933
242	889
711	472
711	124
711	807
711	677
711	310
711	73
711	843
711	466
711	59
711	50
711	763
711	709
711	168
711	486
711	594
711	106
711	512
711	834
711	720
711	770
711	875
711	798
711	928
711	837
510	472
510	124
510	807
510	843
510	766
510	50
510	780
510	894
510	486
510	594
510	106
510	512
510	877
510	760
123	872
123	545
123	515
123	144
123	450
123	424
123	162
123	670
123	476
371	380
371	545
644	545
644	838
644	144
644	476
644	933
172	452
172	476
172	338
172	369
459	780
33	144
551	894
551	720
551	807
551	843
551	73
551	955
551	766
551	279
552	280
552	273
552	545
552	81
552	351
552	804
552	747
552	341
552	144
552	398
552	801
552	624
552	34
552	669
552	476
552	38
552	933
552	573
552	838
552	836
552	172
552	672
552	964
487	518
462	796
462	640
462	157
462	740
579	624
735	769
735	790
735	622
735	976
735	504
735	522
735	188
735	169
735	957
735	954
735	601
735	637
735	675
735	322
735	114
735	267
735	768
735	2
735	667
301	545
301	838
301	144
301	719
301	476
301	933
757	851
757	128
757	164
757	144
757	287
757	328
757	238
757	767
757	933
757	600
858	545
737	144
350	543
350	337
350	847
350	738
350	53
350	921
586	851
586	128
586	164
586	144
586	287
586	328
586	238
586	767
586	933
586	600
518	487
518	488
518	546
518	251
518	921
518	832
361	220
232	815
232	135
232	133
232	476
232	492
661	545
661	838
661	144
661	476
661	933
917	917
917	110
917	52
917	348
917	610
917	135
917	478
917	341
917	962
917	754
917	600
917	209
917	454
917	693
917	90
917	103
917	653
763	472
763	124
763	807
763	677
763	310
763	73
763	766
763	843
763	466
763	59
763	50
763	780
763	709
763	894
763	168
763	486
763	594
763	106
763	512
763	877
763	834
763	720
763	803
763	770
763	928
763	147
763	837
580	600
848	545
848	670
848	354
848	319
848	933
840	976
75	851
75	128
75	164
75	144
75	287
75	328
75	238
75	767
75	933
75	600
549	476
589	472
589	124
589	807
589	677
589	310
589	73
589	766
589	843
589	466
589	50
589	763
589	571
589	780
589	709
589	168
589	486
589	106
589	512
589	877
589	834
589	720
589	803
589	770
589	928
589	147
589	837
589	59
441	282
441	991
441	917
441	90
441	600
441	653
645	740
645	58
645	144
645	614
200	144
415	801
415	870
415	14
415	90
415	600
415	917
415	753
415	653
41	144
41	545
102	670
102	82
765	545
765	670
765	354
765	319
765	933
294	896
720	677
720	766
720	955
720	780
720	554
720	928
720	650
720	557
720	362
831	282
831	991
831	917
831	90
831	600
831	653
729	838
729	144
729	624
729	545
729	933
163	282
163	991
163	917
163	90
163	600
163	653
622	769
622	790
622	976
622	504
622	522
622	188
622	169
622	957
622	954
622	601
622	637
622	675
622	322
622	114
622	267
622	768
622	2
622	667
677	472
677	124
677	807
677	310
677	73
677	766
677	843
677	466
677	59
677	50
677	763
677	709
677	780
677	894
677	486
677	168
677	594
677	512
677	877
677	834
677	720
677	770
677	554
677	928
677	147
677	213
677	837
660	144
660	933
660	545
660	319
186	545
186	81
186	838
186	144
186	133
186	476
186	933
398	369
398	545
398	838
398	144
398	280
398	476
398	801
398	38
398	933
838	851
838	128
838	164
838	144
838	287
838	328
838	238
838	767
838	933
838	600
161	472
161	124
161	807
161	843
161	766
161	50
161	780
161	894
161	486
161	594
161	106
161	512
161	877
161	760
753	545
753	838
753	144
753	476
753	933
808	545
455	545
455	838
455	144
455	681
455	600
455	933
455	44
113	144
699	986
699	875
699	840
699	392
599	130
599	234
912	472
912	124
912	807
912	677
912	310
912	73
912	766
912	843
912	466
912	59
912	50
912	763
912	780
912	709
912	306
912	486
912	168
912	594
912	106
912	512
912	877
912	834
912	720
912	770
912	554
912	928
912	147
790	769
790	622
790	976
790	504
790	522
790	188
790	169
790	957
790	954
790	601
790	637
790	675
790	322
790	114
790	267
790	768
790	2
790	667
671	545
671	838
671	144
671	79
671	933
807	472
807	124
807	677
807	310
807	73
807	843
807	466
807	59
807	50
807	763
807	709
807	894
807	168
807	486
807	594
807	512
807	877
807	834
807	720
807	770
807	928
807	147
807	837
600	545
600	838
600	144
600	319
600	221
600	821
320	378
320	40
320	241
109	838
109	681
109	144
109	600
109	156
109	933
246	282
246	991
246	917
246	90
246	600
246	653
61	545
61	838
61	144
61	319
61	221
61	821
967	122
967	319
967	776
967	933
967	751
967	944
721	851
721	128
721	164
721	144
721	287
721	328
721	238
721	767
721	933
721	600
24	628
24	40
24	141
24	787
25	838
25	144
25	933
25	545
957	769
957	790
957	622
957	976
957	504
957	522
957	188
957	169
957	954
957	601
957	637
957	675
957	322
957	114
957	267
957	768
957	2
957	667
32	851
32	128
32	164
32	144
32	287
32	328
32	238
32	767
32	933
32	600
16	70
16	980
16	181
352	545
352	52
352	983
352	144
352	838
352	867
352	868
352	600
352	933
352	914
352	907
532	712
482	545
482	128
482	164
482	838
482	144
482	238
482	767
482	933
482	328
482	600
39	3
951	851
951	128
951	164
951	144
951	287
951	328
951	238
951	767
951	933
951	600
946	801
946	870
946	14
946	90
946	600
946	917
946	753
946	653
277	670
277	545
277	348
277	476
56	43
308	472
308	124
308	807
308	677
308	310
308	73
308	766
308	843
308	466
308	59
308	50
308	763
308	709
308	168
308	486
308	594
308	106
308	512
308	834
308	720
308	770
308	875
308	798
308	928
308	837
866	801
866	870
866	14
866	90
866	600
866	917
866	753
866	653
449	740
449	704
125	545
125	838
125	144
125	79
125	933
612	53
612	337
806	838
806	144
806	545
806	867
806	933
485	851
485	128
485	164
485	144
485	287
485	328
485	238
485	767
485	933
485	600
85	769
85	790
85	622
85	504
85	522
85	188
85	169
85	957
85	727
85	954
85	864
85	601
85	637
85	675
85	322
85	114
85	840
85	267
85	768
85	2
85	667
728	956
728	949
728	546
728	494
728	251
728	953
916	851
916	128
916	164
916	144
916	287
916	328
916	238
916	767
916	933
916	600
387	545
387	838
387	144
387	238
387	600
387	933
119	144
119	545
751	122
751	319
751	776
751	933
751	751
751	944
366	144
366	450
366	476
366	507
366	135
276	933
276	133
276	545
276	476
321	851
321	128
321	164
321	144
321	287
321	328
321	238
321	767
321	933
321	600
516	670
516	207
195	545
195	34
195	933
195	838
887	280
887	273
887	545
887	81
887	351
887	804
887	747
887	341
887	144
887	398
887	801
887	624
887	34
887	669
887	476
887	38
887	933
887	573
887	838
887	836
887	172
887	672
887	964
616	144
478	545
478	81
478	232
478	838
478	144
478	933
478	964
357	545
357	319
357	751
217	545
217	508
217	144
217	175
217	933
667	769
667	790
667	622
667	976
667	504
667	522
667	188
667	169
667	957
667	954
667	601
667	637
667	675
667	322
667	114
667	267
667	768
667	2
345	545
345	838
345	144
345	319
345	221
345	821
588	380
588	545
259	604
259	157
259	740
259	626
259	640
759	851
759	128
759	164
759	144
759	287
759	328
759	238
759	767
759	933
759	600
442	956
442	130
442	518
442	949
442	488
442	966
442	251
686	801
686	870
686	14
686	90
686	600
686	917
686	753
686	653
359	801
359	870
359	14
359	90
359	600
359	917
359	753
359	653
940	801
940	870
940	14
940	90
940	600
940	917
940	753
940	653
947	472
947	124
947	807
947	677
947	310
947	73
947	766
947	843
947	466
947	59
947	50
947	780
947	709
947	894
947	168
947	486
947	594
947	106
947	512
947	877
947	834
947	720
947	803
947	770
947	928
947	147
947	837
429	851
429	128
429	164
429	144
429	287
429	328
429	238
429	767
429	933
429	600
874	545
874	838
874	144
874	319
874	221
874	821
755	508
755	476
755	933
152	144
522	769
522	790
522	622
522	976
522	504
522	188
522	169
522	957
522	954
522	601
522	637
522	675
522	322
522	114
522	840
522	267
522	768
522	2
522	667
139	545
139	838
139	144
139	498
139	933
139	160
990	144
550	472
550	124
550	807
550	677
550	310
550	73
550	766
550	843
550	466
550	50
550	763
550	571
550	780
550	709
550	168
550	486
550	106
550	512
550	877
550	834
550	720
550	803
550	770
550	928
550	147
550	837
550	59
877	472
877	124
877	807
877	677
877	843
877	73
877	466
877	50
877	571
877	780
877	763
877	894
877	709
877	486
877	594
877	106
877	512
877	834
877	803
877	770
877	760
568	545
568	232
568	815
568	280
568	133
568	476
270	851
270	128
270	164
270	144
270	287
270	328
270	238
270	767
270	933
270	600
264	122
264	933
264	21
58	740
58	704
722	838
722	144
722	624
722	545
722	933
100	282
100	991
100	917
100	90
100	600
100	653
278	851
278	128
278	164
278	144
278	287
278	328
278	238
278	767
278	933
278	600
473	851
473	128
473	164
473	144
473	287
473	328
473	238
473	767
473	933
473	600
431	851
431	128
431	164
431	144
431	287
431	328
431	238
431	767
431	933
431	600
293	838
293	144
293	98
293	328
981	720
981	306
981	557
981	955
981	650
981	837
567	851
567	128
567	164
567	144
567	287
567	328
567	238
567	767
567	933
567	600
303	545
303	838
303	144
303	600
303	933
627	53
627	337
362	720
362	306
362	557
362	955
362	650
362	837
629	144
629	450
629	476
629	507
629	135
563	545
563	838
563	144
563	719
563	476
563	933
594	472
594	124
594	807
594	677
594	310
594	73
594	766
594	843
594	466
594	50
594	763
594	571
594	780
594	709
594	168
594	486
594	106
594	512
594	877
594	834
594	720
594	803
594	770
594	928
594	147
594	837
594	59
437	838
437	144
437	624
437	545
437	933
696	472
696	124
696	807
696	677
696	310
696	73
696	766
696	843
696	466
696	50
696	763
696	571
696	780
696	709
696	168
696	486
696	106
696	512
696	877
696	834
696	720
696	803
696	770
696	928
696	147
696	837
696	59
334	280
334	273
334	545
334	81
334	351
334	804
334	747
334	341
334	144
334	398
334	801
334	624
334	34
334	669
334	476
334	38
334	933
334	573
334	838
334	836
334	172
334	672
334	964
870	383
870	545
870	838
870	144
870	867
870	933
99	740
99	862
99	58
99	626
99	391
99	604
99	157
99	259
99	704
99	640
585	801
585	870
585	14
585	90
585	600
585	917
585	753
585	653
841	993
841	921
649	545
177	53
177	861
177	337
286	378
286	40
286	241
787	378
787	40
787	241
399	280
399	273
399	545
399	81
399	351
399	804
399	747
399	341
399	144
399	398
399	801
399	624
399	34
399	669
399	476
399	38
399	933
399	573
399	838
399	836
399	172
399	672
399	964
7	580
7	545
7	896
7	294
949	546
949	251
949	953
949	966
949	220
397	851
397	128
397	164
397	144
397	287
397	328
397	238
397	767
397	933
397	600
571	594
571	512
571	843
571	877
571	709
985	851
985	128
985	164
985	144
985	287
985	328
985	238
985	767
985	933
985	600
697	220
15	949
15	488
541	508
541	476
541	933
454	838
454	144
454	545
454	867
454	933
43	933
91	545
91	175
91	838
91	319
91	600
91	933
658	555
658	180
902	224
902	144
902	915
902	838
902	933
20	89
20	614
20	158
871	871
871	660
703	769
703	790
703	622
703	976
703	504
703	522
703	188
703	169
703	957
703	954
703	601
703	637
703	675
703	114
703	267
703	768
703	2
703	667
483	369
483	545
483	838
483	144
483	933
591	472
591	124
591	807
591	677
591	310
591	73
591	843
591	59
591	50
591	763
591	709
591	780
591	894
591	168
591	486
591	594
591	512
591	877
591	834
591	720
591	770
591	554
591	928
591	147
591	837
883	545
883	838
883	144
883	933
180	555
180	29
180	921
224	144
86	369
86	545
86	838
86	144
86	476
86	933
684	801
684	870
684	14
684	90
684	600
684	917
684	753
684	653
837	472
837	124
837	807
837	677
837	310
837	73
837	766
837	843
837	466
837	59
837	50
837	763
837	780
837	709
837	306
837	486
837	168
837	594
837	106
837	512
837	877
837	834
837	720
837	770
837	554
837	928
837	147
959	545
959	266
524	545
524	838
524	144
524	600
524	933
801	369
801	545
801	838
801	144
801	34
801	933
167	956
167	949
167	546
167	494
167	251
167	953
797	604
797	157
797	259
797	740
797	626
797	391
853	144
853	450
853	476
853	507
853	135
112	347
112	729
112	122
112	319
112	719
112	387
112	42
112	616
112	889
112	144
112	867
112	624
112	221
112	238
112	600
112	34
112	476
112	933
112	369
112	838
112	732
112	420
112	672
730	144
700	545
700	181
570	740
570	862
570	58
570	626
570	391
570	604
570	157
570	259
570	704
570	640
435	545
435	838
435	144
435	349
435	319
435	221
435	79
435	844
435	933
66	543
66	350
66	337
66	847
66	738
66	53
1	851
1	128
1	164
1	144
1	287
1	328
1	238
1	767
1	933
1	600
852	53
852	545
852	337
852	372
945	166
945	545
864	976
864	233
864	740
508	545
508	319
508	933
508	751
508	600
174	851
174	128
174	164
174	144
174	287
174	328
174	238
174	767
174	933
174	600
530	851
530	128
530	164
530	144
530	287
530	328
530	238
530	767
530	933
530	600
802	545
802	319
802	933
802	751
802	600
528	872
528	424
528	670
528	476
625	801
625	870
625	14
625	90
625	600
625	917
625	753
625	653
254	144
854	433
854	921
854	876
936	144
923	720
923	306
923	557
923	955
923	650
923	837
988	273
988	476
988	840
515	476
515	545
745	337
745	15
745	518
745	546
745	931
745	3
745	251
745	53
745	921
937	545
937	838
937	144
937	319
937	221
937	821
164	851
164	545
164	128
164	838
164	144
164	238
164	767
164	933
164	328
164	600
146	545
146	838
146	144
146	319
146	221
146	821
324	545
324	838
324	144
324	319
324	221
324	821
428	801
428	870
428	14
428	90
428	600
428	917
428	753
428	653
804	369
804	545
804	81
804	838
804	144
804	476
804	933
603	273
603	476
603	840
727	976
727	766
657	423
554	720
554	260
554	73
554	763
467	838
467	144
467	545
467	867
467	933
615	472
615	124
615	807
615	677
615	310
615	73
615	843
615	466
615	59
615	763
615	780
615	709
615	168
615	486
615	594
615	512
615	877
615	834
615	720
615	770
615	871
615	928
615	147
615	837
121	545
121	508
121	144
121	175
121	933
821	545
821	838
821	144
821	600
821	933
557	720
557	472
557	486
557	928
557	124
557	650
557	362
192	872
192	424
192	670
192	476
268	851
268	128
268	164
268	144
268	287
268	328
268	238
268	767
268	933
268	600
374	545
374	838
374	144
374	933
476	872
476	545
476	515
476	144
476	450
476	424
476	162
476	670
476	476
8	472
8	124
8	807
8	677
8	310
8	73
8	843
8	466
8	213
8	59
8	763
8	571
8	780
8	50
8	168
8	486
8	594
8	512
8	877
8	834
8	720
8	803
8	770
8	554
8	928
8	147
8	837
618	660
618	545
618	933
545	347
545	729
545	122
545	319
545	719
545	387
545	42
545	616
545	889
545	144
545	867
545	624
545	221
545	238
545	600
545	34
545	476
545	933
545	369
545	838
545	732
545	420
545	672
127	606
822	545
822	660
822	327
822	354
822	319
822	751
197	472
197	124
197	807
197	677
197	310
197	73
197	766
197	955
197	843
197	466
197	50
197	386
197	763
197	780
197	709
197	59
197	306
197	486
197	168
197	594
197	512
197	834
197	720
197	770
197	928
197	147
197	213
197	837
318	604
318	67
318	233
318	740
318	259
318	157
318	640
919	670
919	207
942	545
942	838
942	144
942	319
942	221
942	821
782	144
423	3
